1 1 1 1 0.0642652694815273
2 2 1 0 0.709551368816222
3 3 1 1 0.197962428615687
4 4 1 1 0.740878663337066
5 5 1 1 1.23892763661802
6 6 1 1 -0.874390692425104
7 7 1 1 0.132845648032698
8 8 1 1 0.985742664596195
9 9 1 1 0.580987320447406
10 10 1 1 1.43488083851803
11 11 1 1 1.33052098372992
12 12 1 0 -0.157183692469684
13 13 1 1 1.6444656015054
14 14 1 1 1.17250891686934
15 15 1 1 -0.18569730008525
16 16 1 1 0.399735311031586
17 17 1 0 0.998876991412893
18 18 1 1 1.6141947603922
19 19 1 1 0.382403992553588
20 20 1 1 2.87790927055551
21 21 1 0 -0.947321889810922
22 22 1 1 -1.45772654281347
23 23 1 1 -0.247341795889911
24 24 1 1 0.100514403057924
25 25 1 0 -0.255627358776609
26 26 1 1 -0.288952020079855
27 27 1 1 1.48135947106474
28 28 1 0 0.0884190323533
29 29 1 0 -1.01218593612142
30 30 1 1 -0.0281004117785244
31 31 1 1 -1.51844155545105
32 32 1 1 0.0642652694815273
33 33 1 1 -1.58533468577794
34 34 1 1 0.0884190323533
35 35 1 0 1.14116073096114
36 36 1 1 -0.511090868217137
37 37 1 1 0.373781541507456
38 38 1 1 -0.00401382707008361
39 39 1 1 -0.369480754624539
40 40 1 1 0.624307071465032
41 41 1 1 0.805837991530779
42 42 1 0 0.0361322070778036
43 43 1 1 1.12589925078011
44 44 1 1 0.417187547184511
45 45 1 1 0.408445878261331
46 46 1 1 -0.511090868217137
47 47 1 1 -0.112624497259124
48 48 1 1 -1.86880952325869
49 49 1 1 -0.124751131504979
50 50 1 1 -0.335311775376436
51 51 1 1 0.268088880510281
52 52 1 1 -0.165316393802213
53 53 1 1 0.348077174605061
54 54 1 1 -0.488352416079231
55 55 1 1 0.839621043212614
56 56 1 1 1.08161521974223
57 57 1 1 0.124751131504979
58 58 1 1 0.0120417398867383
59 59 1 0 0.239073178722295
60 60 1 1 1.11089559770158
61 61 1 1 0.255627358776609
62 62 1 1 0.365186791131525
63 63 1 0 0.851096458406411
64 64 1 1 1.96999388616046
65 65 1 0 -1.51844155545105
66 66 1 0 -0.0843902022662643
67 67 1 1 -0.335311775376436
68 68 1 1 -1.55773771420538
69 69 1 1 -1.25641050813094
70 70 1 1 -1.14889208834965
71 71 1 1 -0.052203312734154
72 72 1 1 -0.998876991412893
73 73 1 1 0.689048679667728
74 74 1 1 -0.474830311215383
75 75 1 0 0.181615214772313
76 76 1 1 -0.600101262855442
77 77 1 1 1.45772654281347
78 78 1 1 1.70997867851126
79 79 1 1 1.09613793703461
80 80 1 1 -0.474830311215383
81 81 1 1 0.947321889810922
82 82 1 1 0.305733129984247
83 83 1 1 -0.947321889810922
84 84 1 0 -0.301529959119291
85 85 1 1 -0.263930508180276
86 86 1 1 2.56196012892814
87 87 1 1 0.206155642798326
88 88 1 0 1.58533468577794
89 89 1 1 -1.35023207304048
90 90 1 1 0.767550629080283
91 91 1 0 0.32260078641093
92 92 1 1 0.54337810790116
93 93 1 1 0.214362719604736
94 94 1 1 -0.234945026883287
95 95 1 1 -0.75148323018032
96 96 1 1 -2.26981887511285
97 97 1 0 -0.663820123597818
98 98 1 0 -0.585745672207992
99 99 1 1 -1.21339199868599
100 100 1 1 -1.06024924057975
101 101 1 1 -0.382403992553588
102 102 1 0 -1.03249247037192
103 103 1 1 -0.439183716720015
104 104 1 0 -0.222584260744712
105 105 1 1 -1.70997867851126
106 106 1 1 -0.132845648032698
107 107 1 1 0.658825226016604
108 108 1 1 -0.214362719604736
109 109 1 1 1.55773771420538
110 110 1 0 -1.12589925078011
111 111 1 0 -1.08161521974223
112 112 1 1 -0.112624497259124
113 113 1 1 -0.805837991530779
114 114 1 1 -1.40195480541926
115 115 1 1 -0.922467014940884
116 116 1 1 -0.562083327192601
117 117 1 1 -0.862685060500706
118 118 1 1 -0.972776224601138
119 119 1 1 -0.0441663339704857
120 120 1 1 1.41276041530844
121 121 1 1 1.67632301126796
122 122 1 0 0.639007189863491
123 123 1 0 0.461394478088892
124 124 1 0 0.699263280779325
125 125 1 1 -0.399735311031586
126 126 1 0 -0.663820123597818
127 127 1 1 0.470342289350544
128 128 1 1 -0.417187547184511
129 129 1 1 0.767550629080283
130 130 1 1 0.0120417398867383
131 131 1 1 0.314155785146565
132 132 1 1 -0.839621043212614
133 133 1 1 -0.35661893311704
134 134 1 1 0.226700645406622
135 135 1 1 0.922467014940884
136 136 1 1 0.434767792956421
137 137 1 0 1.03249247037192
138 138 1 1 1.8246461553816
139 139 1 1 0.165316393802213
140 140 1 1 -0.75148323018032
141 141 1 1 0.391054968672557
142 142 1 1 0.534096718912878
143 143 1 1 -0.0120417398867383
144 144 1 1 -0.624307071465032
145 145 1 0 0.898169340333947
146 146 1 1 1.31131370078909
147 147 1 0 2.02923905774151
148 148 1 0 -0.529473270844788
149 149 1 1 1.91695069819008
150 150 1 0 1.37048219665331
151 151 1 1 1.01218593612142
152 152 1 0 0.50652236688909
153 153 1 1 -0.140948878280175
154 154 1 1 0.339560737567573
155 155 1 1 -0.794780161206265
156 156 1 1 0.0763365838291801
157 157 1 1 -0.314155785146565
158 158 1 1 0.0120417398867383
159 159 1 1 0.153121270662646
160 160 1 1 0.189782482110851
161 161 1 0 0.226700645406622
162 162 1 1 -0.0602436649377423
163 163 1 0 1.29257836724065
164 164 1 1 -0.335311775376436
165 165 1 1 0.730356766579749
166 166 1 1 0.590517323522665
167 167 1 1 0.557388809655679
168 168 1 1 0.35661893311704
169 169 1 1 -0.0281004117785244
170 170 1 1 -0.571509793962819
171 171 1 1 1.03249247037192
172 172 1 0 -0.609740642917587
173 173 1 0 1.27428607515827
174 174 1 1 -0.822612157428026
175 175 1 1 -1.43488083851803
176 176 1 1 1.25641050813094
177 177 1 1 1.20505376726564
178 178 1 0 -0.197962428615687
179 179 1 1 -0.206155642798326
180 180 1 1 0.910251002622011
181 181 1 1 -0.0924492981286434
182 182 1 1 -1.74569081634938
183 183 1 1 -0.719915113789467
184 184 1 1 0.886217379242486
185 185 1 1 -0.985742664596195
186 186 1 0 -0.704398005152191
187 187 1 0 1.74569081634938
188 188 1 1 -1.17250891686934
189 189 1 1 -0.335311775376436
190 190 1 0 -0.624307071465032
191 191 1 1 0.288952020079855
192 192 1 1 1.05323393946283
193 193 1 1 -0.0682879136799035
194 194 1 1 -0.461394478088892
195 195 1 0 0.934822263676026
196 196 1 1 0.571509793962819
197 197 1 1 -0.391054968672557
198 198 1 1 0.828255142879465
199 199 1 0 0.247341795889911
200 200 1 0 0.0281004117785244
201 201 1 0 0.794780161206265
202 202 1 1 0.479327917751321
203 203 1 0 1.50584999971379
204 204 1 1 -0.851096458406411
205 205 1 1 0.452483456504208
206 206 1 1 -1.8246461553816
207 207 1 1 -1.09613793703461
208 208 1 1 -2.02923905774151
209 209 1 1 -1.67632301126796
210 210 1 1 -0.822612157428026
211 211 1 0 1.53127856649517
212 212 1 1 -2.09660198914648
213 213 1 0 0.972776224601138
214 214 1 1 1.06731711320064
215 215 1 0 0.959971307536741
216 216 1 1 2.39076194160967
217 217 1 1 0.425961213576025
218 218 1 1 -0.18569730008525
219 219 1 1 -0.730356766579749
220 220 1 1 -1.21339199868599
221 221 1 1 -0.783818669965657
222 222 1 1 0.719915113789467
223 223 1 1 0.0481844343034396
224 224 1 1 -0.439183716720015
225 225 1 0 2.09660198914648
226 226 1 1 0.268088880510281
227 227 1 1 -0.100514403057924
228 228 1 0 -0.552706544143974
229 229 1 1 -0.75148323018032
230 230 1 1 -0.452483456504208
231 231 1 1 0.116664780709384
232 232 1 1 -0.90419367365408
233 233 1 1 -1.62914358628822
234 234 1 1 -0.2764196308626
235 235 1 1 0.140948878280175
236 236 1 1 0.108586051450146
237 237 1 1 -1.37048219665331
238 238 1 1 2.26981887511285
239 239 1 1 1.78377909580699
240 240 1 1 1.35023207304048
241 241 1 1 -1.06024924057975
242 242 1 1 -0.2764196308626
243 243 1 1 0.557388809655679
244 244 1 1 2.17508564527891
245 245 1 1 0.0481844343034396
246 246 1 1 1.15669273646302
247 247 1 1 0.81699524586831
248 248 1 1 -0.54337810790116
249 249 1 0 -0.585745672207992
250 250 1 1 -2.17508564527891
251 251 1 0 0.75148323018032
252 252 1 1 -1.96999388616046
253 253 1 0 1.86880952325869
254 254 1 1 -1.11089559770158
255 255 1 1 0.288952020079855
256 256 1 1 0.874390692425104
257 257 1 1 -1.91695069819008
258 258 1 0 0.66883163804455
259 259 1 1 -1.30188891173126
260 260 1 0 1.39131045423314
261 261 1 1 -0.497416863537812
262 262 1 0 0.515670061653153
263 263 1 1 -0.886217379242486
264 264 1 1 -1.14889208834965
265 265 1 1 -0.07633658382918
266 266 1 1 -0.772950558945454
267 267 1 1 0.783818669965657
268 268 1 1 0.678905472217353
269 269 1 0 -0.301529959119291
270 270 1 1 -2.56196012892814
271 271 1 1 0.288952020079855
272 272 1 1 0.17346004420202
273 273 1 0 -0.234945026883287
274 274 1 1 -0.90419367365408
275 275 1 1 -1.78377909580699
276 276 1 1 0.492879577654236
277 277 1 1 0.862685060500706
278 278 1 1 -0.529473270844788
279 279 1 1 0.600101262855442
280 280 1 1 -0.643937917631237
281 281 1 1 -1.48135947106474
282 282 1 1 -0.425961213576025
283 283 1 1 0.492879577654236
284 284 1 1 -0.643937917631237
285 285 1 1 -1.18862397251009
286 286 1 0 1.22181545704186
287 287 1 1 -1.30188891173126
288 288 1 1 -0.149061374296984
289 289 1 1 -0.408445878261331
290 290 1 0 -1.33052098372992
291 291 1 0 -1.03249247037192
292 292 1 0 -1.23892763661802
293 293 1 1 -0.947321889810922
294 294 1 1 0.524861113367908
295 295 1 0 -0.17346004420202
296 296 1 0 0.624307071465032
297 297 1 1 -0.689048679667728
298 298 1 1 -1.40195480541926
299 299 1 1 0.648884350841857
300 300 1 0 -1.62914358628822
301 301 1 1 -1.27428607515827
302 302 1 1 -0.678905472217353
303 303 1 1 -0.0281004117785244
304 304 1 1 -2.87790927055551
305 305 1 1 0.331068858212443
306 306 1 1 -2.39076194160967
307 307 1 1 0.443608221420649
308 308 1 1 -0.704398005152191
309 309 1 1 0.609740642917588
310 310 1 1 0.153121270662646
311 311 1 0 -0.369480754624539
312 312 1 1 1.18862397251009
